%YAML:1.0
---
CameraCount: 4
Cameras:
   -
      Name: CameraF
      Width: 1920
      Height: 1080
      C: 9.9807784866152360e-01
      D: 1.5605028114988725e-03
      E: -2.5546156738353654e-04
      U0: 1.0004549715564194e+03
      V0: 5.4314995575003013e+02
      Poly: [ -8.6764710314200386e+02, 0., 4.8953282991313679e-04,
          4.6803979265960837e-07, -1.0108914593403097e-09 ]
      InversePoly: [ 3.0194368926533493e+03, 1.2826815240218537e+04,
          3.6447557618227089e+04, 5.6092335515049839e+04,
          3.9152822275359431e+04, -7.8632551127444469e+02,
          -1.6264738636683051e+04, -3.0608752901581042e+03,
          6.6914037582216115e+03, 4.2322073400955342e+03,
          7.3303377056814202e+02, -1.5108104297425685e+01 ]
      # Extrinsic parameters: [0-2] rotation vector, [3-5] translation vector.
      Extrinsic: [ 0., 0., 0., -2.6805556420520453e-02,
          1.0019402404413948e-05, 4.6964622249318196e-02 ]
   -
      Name: CameraR
      Width: 1920
      Height: 1080
      C: 9.9843081461932670e-01
      D: 1.0278840235265140e-03
      E: 3.0939552879809701e-04
      U0: 9.7358380744146393e+02
      V0: 5.4517401712029118e+02
      Poly: [ -8.5053828283890584e+02, 0., 3.2777703358090869e-04,
          -1.3861835133389649e-08, 2.7116631982639944e-11 ]
      InversePoly: [ 3.5083215547710861e+03, 1.5814026762049407e+04,
          4.3843198507343935e+04, 6.5203068919634279e+04,
          4.4773897382316442e+04, 7.1810378728795911e+02,
          -1.6375145103513649e+04, -3.9558564030554526e+03,
          5.4406449821356291e+03, 3.5255973051342671e+03,
          5.9433898193837490e+02, -1.4223146700520470e+01 ]
      # Extrinsic parameters: [0-2] rotation vector, [3-5] translation vector.
      Extrinsic: [ -5.1062963380730372e-03, 1.5534285096746996e+00,
          -2.3539627538881874e-03, 4.6253626738791735e-02,
          -1.8452168900233505e-04, 2.6298217017510186e-02 ]
   -
      Name: CameraB
      Width: 1920
      Height: 1080
      C: 9.9850499808705784e-01
      D: 4.5719160583842611e-04
      E: 1.2143528861014348e-03
      U0: 9.5090103482530071e+02
      V0: 5.1394421973748888e+02
      Poly: [ -8.4861706433361257e+02, 0., 3.2220885288709216e-04,
          -1.1803055542098874e-08, -1.8594784143028552e-11 ]
      InversePoly: [ 3.1221717681675573e+03, 1.3305731329408402e+04,
          3.7348135258436094e+04, 5.7221474810871725e+04,
          4.0696808271914386e+04, 4.7261690686909344e+02,
          -1.7054632965326495e+04, -5.1550466504286323e+03,
          5.9306943556475471e+03, 4.9342831594018116e+03,
          1.3454018191379043e+03, 1.1744336460729649e+02 ]
      # Extrinsic parameters: [0-2] rotation vector, [3-5] translation vector.
      Extrinsic: [ 2.0332142768331646e-02, 3.1337397840955532e+00,
          -3.4067250954361162e-03, 2.7198994720118799e-02,
          -2.7838459176955242e-04, -4.6754270178071468e-02 ]
   -
      Name: CameraL
      Width: 1920
      Height: 1080
      C: 9.9892703217618506e-01
      D: 2.1352051709600966e-03
      E: -6.5284154143199140e-04
      U0: 9.6988372145115306e+02
      V0: 5.2416159869838850e+02
      Poly: [ -8.4633001181614441e+02, 0., 3.3031798236196874e-04,
          2.4498809231494533e-08, -2.6144435090666337e-11 ]
      InversePoly: [ 3.1218491906778609e+03, 1.2519012760901216e+04,
          3.1428037811839502e+04, 3.8926547913373921e+04,
          1.1444894800823347e+04, -2.3141628198953626e+04,
          -2.1614099466969121e+04, 2.5950917010658663e+03,
          1.2300712209337673e+04, 6.4442358714423362e+03,
          1.1801879538798721e+03, 2.6875442531194857e+01 ]
      # Extrinsic parameters: [0-2] rotation vector, [3-5] translation vector.
      Extrinsic: [ -1.4459753635935801e-02, -1.5851161599031429e+00,
          1.1745293315028637e-02, -4.6647065038390063e-02,
          4.5288687836747392e-04, -2.6508569088756907e-02 ]
