%YAML:1.0
---
Cameras:
   -
      Name: CameraF
      C: 9.9873419572862687e-01
      D: -5.1217428813310831e-04
      E: 1.5571522730232368e-03
      U0: 9.7307456616512673e+02
      V0: 5.4421103485791912e+02
      Poly: [ -7.3201078737682394e+02, 0., 1.5555945150611176e-103,
          1.5182046902737882e-105, -1.5490807272799205e-108 ]
      InversePoly: [ 5.1593322182548845e+03, 2.9637964186311554e+04,
          9.4714035082782400e+04, 1.7156040663594971e+05,
          1.7875450664296583e+05, 9.3646538320119827e+04,
          -4.6912554184523879e+03, -4.4355631333421363e+04,
          -3.4102102832809353e+04, -1.4201261052449916e+04,
          -3.4345039546292114e+03, -3.8308956695868807e+02 ]
      # Extrinsic parameters: [0-2] rotation vector, [3-5] translation vector.
      Extrinsic: [ 0., 0., 0., 0., 0., -4.3368086899420177e-19 ]
   -
      Name: CameraR
      C: 9.5968024041477218e-01
      D: 1.6258404423287528e-03
      E: -1.5141618380800883e-04
      U0: 9.9335641637257265e+02
      V0: 5.6613680032038440e+02
      Poly: [ -7.8636772320651710e+02, 0., -7.2433345874163547e-103,
          2.1561697334630182e-105, -1.8701521470727704e-108 ]
      InversePoly: [ 4.0053299567320028e+03, 1.8518943848008061e+04,
          5.0076218788648875e+04, 7.1882180208623162e+04,
          4.6788718842042857e+04, -2.2987566540622952e+03,
          -2.1158492851539046e+04, -8.3364929307842503e+03,
          2.4380081403117647e+03, 2.2060731990882696e+03,
          2.9758119030646418e+02, -3.6753954505746464e+01 ]
      # Extrinsic parameters: [0-2] rotation vector, [3-5] translation vector.
      Extrinsic: [ -6.1566399692577350e-02, 1.5710430956530759e+00,
          1.4762763490237510e-01, -4.8725899009032771e-02,
          -5.7897367868411740e-03, 7.9054244417777586e-02 ]
   -
      Name: CameraB
      C: 9.9955227934217816e-01
      D: 2.1101028584855856e-03
      E: -8.3303281494946473e-04
      U0: 9.7222505822932931e+02
      V0: 5.2289727854677528e+02
      Poly: [ -7.1987011999854394e+02, 0., 3.8504785473793570e-104,
          -7.4391824617977855e-107, 3.1606622226103596e-110 ]
      InversePoly: [ 5.5301992285713122e+03, 3.4034372849962783e+04,
          1.1608538683166678e+05, 2.2899424404388049e+05,
          2.7328144620255445e+05, 1.9151764955785498e+05,
          5.6263557749223910e+04, -2.6828737012552825e+04,
          -3.7402723924151622e+04, -1.8856457917236250e+04,
          -4.9709727620265621e+03, -5.6834258601167880e+02 ]
      # Extrinsic parameters: [0-2] rotation vector, [3-5] translation vector.
      Extrinsic: [ 2.9275813068881128e-02, 3.0748401745842031e+00,
          5.1056311169732838e-01, 2.8588729667328793e-02,
          -2.3987894875313973e-02, 1.2104242245467818e-01 ]
   -
      Name: CameraL
      C: 9.5974034126927676e-01
      D: 1.2715075625725032e-03
      E: 4.1095246416556429e-04
      U0: 9.4658699376890615e+02
      V0: 5.3534953057117616e+02
      Poly: [ -7.9243029226946555e+02, 0., -6.8466752993511718e-103,
          2.0051560344090645e-105, -1.5990918647320584e-108 ]
      InversePoly: [ 4.7745994227772298e+03, 2.1452910868924006e+04,
          5.1047099958298255e+04, 6.0908209723072294e+04,
          2.5987478463910975e+04, -1.6109668273624196e+04,
          -2.1663268489233669e+04, -4.2375383573648087e+03,
          5.3369056609346781e+03, 3.9554590683954079e+03,
          1.1298404128513432e+03, 1.2985445923950829e+02 ]
      # Extrinsic parameters: [0-2] rotation vector, [3-5] translation vector.
      Extrinsic: [ -5.5462707236764518e-02, -1.5707562886199238e+00,
          -1.4676082980838395e-01, 7.6099923879376224e-02,
          -2.7497361576811013e-03, 4.8167330598603626e-02 ]
